100	100	100	100	100	100	100	100	100	100	100	100	100	100	100	100	100	100	100	100	100	100	100	100	100	100
100	0	0	0	0	0	0	0	0	0	0	0	0	0	0	0	0	0	0	0	0	0	0	0	0	100
100	0	0	0	0	0	0	0	0	0	0	0	0	0	0	0	0	0	0	0	0	0	0	0	0	100
100	0	0	0	0	0	0	0	0	0	0	0	0	0	0	0	0	0	0	0	0	0	0	0	0	100
100	0	0	30	70	0	0	0	0	0	0	0	0	70	0	0	0	0	0	0	0	0	0	0	0	100
100	0	0	30	70	0	0	0	0	0	0	0	0	70	0	0	0	0	0	0	0	0	0	0	0	100
100	0	0	30	70	0	0	0	0	0	0	0	0	70	0	0	0	0	0	0	0	0	0	0	0	100
100	0	0	30	70	0	0	0	0	0	0	0	0	70	0	0	0	0	0	0	0	0	0	0	0	100
100	0	0	30	70	0	0	0	0	0	0	0	0	70	0	0	0	0	0	0	0	0	0	0	0	100
100	0	0	30	70	0	0	0	0	0	0	0	0	70	0	0	0	0	0	0	0	0	0	0	0	100
100	0	0	30	70	0	0	0	0	0	0	0	0	70	0	0	0	0	0	0	0	0	0	0	0	100
100	0	0	30	70	0	0	0	0	0	0	0	0	70	0	0	0	0	0	0	80	0	80	80	80	100
100	0	0	30	70	0	0	0	0	0	0	0	0	70	0	0	0	0	0	0	80	0	80	80	80	100
100	0	0	30	70	0	0	0	0	0	0	0	0	70	0	0	0	0	0	0	80	0	80	80	80	100
100	0	0	30	70	70	70	70	70	70	70	70	70	70	70	70	0	0	0	0	80	80	80	80	80	100
100	0	0	30	70	0	0	0	0	0	0	70	0	0	0	0	0	0	0	0	80	0	80	80	80	100
100	0	0	30	70	0	0	0	0	0	0	70	0	0	0	0	0	0	0	0	80	0	80	80	80	100
100	0	0	30	70	0	0	0	0	0	0	70	0	0	0	0	0	0	0	0	80	0	80	80	80	100
100	0	0	30	70	0	0	0	0	0	0	70	0	0	0	0	0	0	0	0	0	0	0	0	0	100
100	0	0	30	70	0	0	0	0	0	0	70	0	0	0	0	0	0	0	0	0	0	0	0	0	100
100	0	0	30	70	0	0	0	0	0	0	70	0	0	0	0	0	0	0	0	0	0	0	0	0	100
100	0	0	30	70	0	0	0	0	0	0	70	0	0	0	0	0	0	0	0	0	0	0	0	0	100
100	0	0	30	70	0	0	0	0	0	0	70	0	0	0	0	0	0	0	0	0	0	0	0	0	100
100	0	0	30	70	0	0	0	0	0	0	70	0	0	0	0	0	0	0	0	0	0	0	0	0	100
100	0	0	30	70	0	0	0	0	0	0	70	0	0	0	0	0	0	0	0	0	0	0	0	0	100
100	0	0	0	0	0	0	0	0	0	0	70	0	0	0	0	0	0	0	0	0	0	0	0	0	100
100	0	0	0	0	0	0	0	0	0	0	0	0	0	0	0	0	0	0	0	0	0	0	0	0	100
100	0	0	0	0	0	0	0	0	0	0	0	0	0	0	0	0	0	0	0	0	0	0	0	0	100
100	0	0	0	0	0	0	0	0	0	0	0	0	0	0	0	0	0	0	0	0	0	0	0	0	100
100	100	100	100	100	100	100	100	100	100	100	100	100	100	100	100	100	100	100	100	100	100	100	100	100	100
